Tray Profile
Tray,TempK,PressurePa,Vfrac,L_kgph,V_kgph,DrawTarget_kgph,DrawActual_kgph,Kmin,Kmax,Htarget,Hcalc,dH
1,674.253,156200,0.950000,4921.856578,86408.093995,0.000000,0.000000,nan,nan,nan,nan,nan
2,665.208,156000,0.602027,90955.888416,90414.519053,0.000000,0.000000,0.810534,23.187309,8.466241,8.466237,-0.000003
3,655.004,155800,0.543796,88965.475083,112991.320406,0.000000,0.000000,0.718276,26.120666,7.713599,7.713598,-0.000001
4,627.519,155600,0.637063,83615.206521,153610.818279,0.000000,0.000000,0.587352,23.705610,31.460012,31.460013,0.000001
5,622.701,155400,0.659935,88852.725299,178461.170666,0.000000,0.000000,0.569038,23.249839,21.334010,21.334009,-0.000001
6,622.166,155200,0.655641,89693.555407,183295.994358,0.000000,0.000000,0.567596,23.183739,25.023819,25.023820,0.000001
7,621.476,155000,0.661324,90672.783585,184142.408248,0.000000,0.000000,0.565660,23.092537,25.352003,25.352002,-0.000000
8,620.633,154800,0.653795,91706.364817,184156.386356,6342.747088,6342.747088,0.563250,22.977835,23.448319,23.448319,-0.000001
9,619.680,154600,0.648023,98604.783569,183960.229489,0.000000,0.000000,0.560510,22.847367,23.063425,23.063424,-0.000001
10,618.612,154400,0.645470,99652.741956,183674.074224,0.000000,0.000000,0.557429,22.702006,22.660192,22.660191,-0.000001
11,617.417,154200,0.643044,100616.998734,183326.614273,0.000000,0.000000,0.553972,22.541179,22.257828,22.257828,0.000001
12,615.987,154000,0.640820,101452.770930,182928.006858,0.000000,0.000000,0.550597,22.368259,21.863756,21.863755,-0.000000
13,614.543,153800,0.638773,102219.743544,182468.847302,0.000000,0.000000,0.546460,22.178149,21.479402,21.479401,-0.000001
14,612.929,153600,0.633379,102822.954999,181947.367757,0.000000,0.000000,0.541871,21.968046,21.118466,21.118466,-0.000000
15,611.129,153400,0.624703,103277.320377,181389.501536,7127.452553,7127.452553,0.536818,21.735005,19.033504,19.033504,-0.000001
16,609.285,153200,0.619979,110171.615933,180821.300126,0.000000,0.000000,0.531791,21.495048,18.710372,18.710372,0.000000
17,607.677,153000,0.618070,110472.794803,179901.737643,0.000000,0.000000,0.527753,21.267050,18.467447,18.467446,-0.000001
18,607.947,152800,0.615987,111055.020037,178305.529411,0.000000,0.000000,0.457851,24.322369,18.259382,18.259381,-0.000000
19,602.545,152600,0.616018,109291.267515,176343.010929,0.000000,0.000000,0.440393,23.592566,18.060424,18.060425,0.000000
20,595.959,152400,0.609143,108014.063752,174203.816330,0.000000,0.000000,0.420253,22.757159,17.414874,17.414875,0.000001
21,588.028,152200,0.594453,106331.121868,171848.397493,15766.343843,15766.343843,0.397778,21.809867,12.731734,12.731734,0.000000
22,579.380,152000,0.588029,118615.376473,169408.214958,0.000000,0.000000,0.373312,20.558186,11.933845,11.933846,0.000001
23,570.905,151800,0.589499,116391.349205,166941.635762,0.000000,0.000000,0.353832,19.677050,11.127185,11.127186,0.000000
24,562.373,151600,0.591093,114006.871797,164407.785173,0.000000,0.000000,0.336362,18.833677,10.350914,10.350914,0.000000
25,553.598,151400,0.592828,111482.196677,161725.936622,0.000000,0.000000,0.320561,18.000936,9.559401,9.559401,0.000000
26,544.170,151200,0.586823,108744.918365,158770.374864,0.000000,0.000000,0.305956,17.130140,8.707295,8.707295,-0.000001
27,533.521,151000,0.573002,105691.722925,155420.642551,15626.901390,15626.901390,0.292267,16.157113,3.207095,3.207095,-0.000000
28,522.415,150800,0.566568,116543.036743,151470.299312,0.000000,0.000000,0.280893,15.143069,2.042670,2.042670,0.000000
29,510.130,150600,0.565012,112703.554927,146271.275305,0.000000,0.000000,0.271299,14.011690,0.547202,0.547202,0.000000
30,494.684,150400,0.556297,108098.489405,138484.530390,2883.526757,2883.526757,0.262858,12.569751,-2.732991,-2.732990,0.000000
31,470.592,150200,0.409969,103968.839333,130800.215379,0.000000,0.000000,0.255373,10.307075,-8.785735,-8.785734,0.000001
32,398.150,150000,0.000000,87272.098621,0.000000,0.000000,0.000000,nan,nan,nan,nan,nan

Stream Summary
Stream,kgph,TempK,PressurePa,Vfrac,MW,rhoL_kgm3
Distillate,47331.171791,398.150,150000,0.000000,198.596,777.058
HGO,6342.747088,620.633,154800,0.653795,434.481,916.431
LGO,7127.452553,611.129,153400,0.624703,415.504,906.845
Kerosene,15766.343843,588.028,152200,0.594453,370.049,883.818
Heavy Naphtha,15626.901390,533.521,151000,0.573002,291.922,841.228
Light Naphtha,2883.526757,494.684,150400,0.556297,251.694,815.562
Bottoms,4921.856578,674.253,156200,0.950000,489.101,944.545
